00000000000000000000000000000000000000000000000000000000000000000000000000000000
00000000000006000000000000000000000000000000000000000000000000000000000000000000
00000000000000000000000000000000000000000000000000000000000000000000000600000000
00000000000000000000000000000000000000000000000000000000000000000000000000000000
00000000000000000000000000000000000000000000000000000000000000000000000000000000
00000000000000000000000000000000000000000000000000000000000000000000000000000000
00000000000000000000000000000000000600000000000000000000000000000000000000000000
00000000000000000000000000000000000000000000000000000000600000000000000000000000
00000000000000000000000000000000000000000000000000000000000000000000000000000000
00000000000000000000060000000000000000000000000000000000000000000000000000000000
00000000000000000000000000000000000000000000000000000000000000000000000000000000
00000000000000000000000000000000000000000000000000000000000000000000000000000000
00000000000000000000000000000000000000000000000006000000000000000000000000000000
00000000000006000000000000000000000000000000000000000000000006000000000000000000
00000000000000000000000000600000000000000000000000000000000000000000000000000000
00000000000000000000000000000000000000000000000000000000000000000000000000000000
0000000000000000000000000000000000000000000000000000*000000000000000000000000000
00000000000000000000000000006000000000000000000000000000000000000000000000000000
00000000000000000000000000000000000000000000000000000000000000000000000000000000
00000000000060000000000000000000000000000000000000000000000000000000000000000000
00000000000000000000000000000000000000000000000060000000000000000000000000000000
00000000000000000000000000000000000000000000000000000000000000000000000000000000
00000000600000000000000000000600000000000000000000000000000000000000000000000000
00000000000000000000000000000000000000000000000000000000000000000000000600000000
00000000000000000000000000000000000000000000000000000000000000000000000000000060